0,410
73,10
73,9
0,409
50,11
50,10
0,408
0,407
0,406
23,5
23,4
23,3
23,2
23,1
23,0
22,3
22,2
22,1
22,0
21,3
21,2
21,1
21,0
20,3
20,2
20,1
20,0
19,4
19,3
19,2
19,1
19,0
18,4
18,3
18,2
18,1
18,0
17,6
17,5
17,4
17,3
17,2
17,1
17,0
16,5
16,4
16,3
16,2
16,1
16,0
15,3
15,2
15,1
15,0
14,4
14,3
14,2
14,1
14,0
13,3
13,2
13,1
13,0
12,3
12,2
12,1
12,0
11,4
11,3
11,2
11,1
11,0
10,4
10,3
10,2
10,1
10,0
8,4
8,3
8,2
8,1
8,0
7,7
7,6
7,5
7,4
7,3
7,2
7,1
7,0
6,4
6,3
6,2
6,1
6,0
5,5
5,4
5,3
5,2
5,1
5,0
4,3
2,10
2,9
2,8
2,7
2,6
2,5
2,4
2,3
2,2
2,1
2,0
1,3
0,437
0,414
0,390
0,324
0,243
0,9
0,0
0,1
0,383
0,300
0,348
0,299
0,342
0,298
0,506
0,297
0,392
0,296
0,391
0,295
0,319
0,294
0,330
0,293
0,507
0,292
0,315
0,291
0,332
0,290
0,395
0,289
0,307
0,288
0,347
0,287
0,399
0,286
0,350
0,285
0,400
0,284
0,394
0,283
0,353
0,282
0,401
0,281
0,404
0,280
0,279
0,382
0,278
0,379
0,277
0,384
0,276
0,398
0,275
0,385
0,274
0,356
0,273
0,380
0,272
0,396
0,271
24,0
24,1
24,3
24,4
24,6
24,7
25,1
25,3
25,4
26,1
26,2
26,4
27,1
27,2
41,0
41,1
41,3
42,0
42,2
42,4
42,5
43,0
43,1
43,3
43,5
44,0
44,2
44,3
44,5
45,0
45,2
45,4
45,5
45,7
48,0
48,2
48,4
48,5
49,1
49,2
49,4
49,5
49,7
49,9
50,0
50,2
50,3
50,5
50,7
50,8
53,0
53,1
53,3
53,5
53,6
58,1
58,2
58,4
59,0
59,2
59,4
60,0
60,2
60,3
61,0
61,2
61,3
62,0
62,1
62,3
62,4
63,1
63,3
63,4
64,1
64,2
64,4
65,1
65,2
65,4
66,0
66,2
66,3
67,0
67,2
67,3
67,5
67,6
68,0
68,2
68,3
69,0
69,1
69,3
70,1
70,2
70,4
73,0
73,2
73,3
73,5
73,7
73,8
74,1
74,2
74,4
74,6
76,0
76,2
76,3
77,1
77,2
77,4
79,1
79,2
79,4
79,5
80,1
80,3
80,4
80,6
82,0
82,2
82,3
82,5
82,7
83,0
83,2
83,3
84,0
84,2
84,3
84,4
84,1
83,4
83,1
82,6
82,4
82,1
80,5
80,2
80,0
79,3
79,0
77,3
77,0
76,1
74,5
74,3
74,0
73,6
73,4
73,1
70,3
70,0
69,2
68,4
68,1
67,7
67,4
67,1
66,4
66,1
65,3
65,0
64,3
64,0
63,2
63,0
62,2
61,4
61,1
60,4
60,1
59,3
59,1
58,3
58,0
53,4
53,2
50,9
50,6
50,4
50,1
49,8
49,6
49,3
49,0
48,3
48,1
45,6
45,3
45,1
44,4
44,1
43,4
43,2
42,6
42,3
42,1
41,2
27,3
27,0
26,3
26,0
25,2
25,0
24,5
24,2
0,397
0,270
0,388
0,269
0,318
0,268
0,321
0,267
0,511
0,266
0,310
0,265
0,509
0,264
0,393
0,263
0,372
0,262
0,358
0,261
0,334
0,260
0,359
0,259
0,357
0,258
0,498
0,257
0,374
0,256
0,501
0,255
0,340
0,254
0,494
0,253
0,508
0,252
0,387
0,251
0,510
0,250
0,323
0,249
0,378
0,248
0,247
0,373
0,246
0,349
0,245
0,338
0,244
0,490
0,242
0,497
0,241
0,339
0,240
0,452
0,239
0,495
0,238
0,371
0,237
0,337
0,236
0,459
0,235
0,503
0,234
0,487
0,233
0,345
0,232
0,367
0,231
0,369
0,230
0,344
0,229
0,458
0,228
0,377
0,227
0,226
0,483
0,225
0,496
0,224
0,351
0,223
0,405
0,222
0,343
0,221
0,500
0,220
0,480
0,219
0,376
0,218
0,317
0,217
0,341
0,216
0,482
0,215
0,336
0,214
0,492
0,213
0,331
0,212
0,486
0,211
0,484
0,210
0,449
0,209
0,491
0,208
0,368
0,207
0,311
0,206
0,457
0,205
0,355
0,204
0,448
0,203
0,489
0,202
0,366
0,201
0,328
0,200
0,365
0,199
0,198
0,197
0,352
0,196
0,477
0,195
0,375
0,194
0,502
0,193
0,329
0,192
0,354
0,63
0,362
0,62
0,327
0,61
0,403
0,60
0,381
0,59
0,335
0,58
0,57
0,312
0,56
0,488
0,55
0,325
0,54
0,53
0,386
0,52
0,51
0,309
0,50
0,402
0,49
0,360
0,48
0,364
0,47
0,363
0,46
0,45
0,453
0,6
0,5
0,304
0,303
0,306
0,305
0,302
0,12
0,389
0,10
0,8
0,11
0,4
0,2
0,3
0,7
